0.946 0.579 0.108 0.809 0.339 0.448 0
0.562 0.857 0.993 0.286 0.426 0.708 1
0.402 0.224 0.075 0.580 0.759 0.918 1
0.267 0.005 0.105 0.932 0.727 0.574 0
0.478 0.838 0.113 0.299 0.983 0.659 1
0.843 0.224 0.427 0.983 0.633 0.034 1
0.154 0.700 0.922 0.328 0.045 0.448 0
0.034 0.482 0.755 0.380 0.918 0.629 0
0.316 0.820 0.544 0.670 0.420 0.174 0
0.074 0.855 0.408 0.275 0.998 0.536 0
0.507 0.742 0.245 0.639 0.138 0.378 1
0.054 0.512 0.972 0.856 0.712 0.214 0
0.953 0.619 0.497 0.101 0.771 0.354 0
0.068 0.516 0.368 0.922 0.256 0.703 0
0.774 0.599 0.284 0.112 0.452 0.938 1
0.519 0.808 0.207 0.042 0.373 0.673 1
0.977 0.653 0.329 0.863 0.047 0.216 0
0.582 0.877 0.403 0.217 0.747 0.052 1
0.305 0.901 0.095 0.574 0.437 0.784 0
0.898 0.556 0.767 0.309 0.075 0.200 0
0.168 0.425 0.313 0.536 0.887 0.769 0
0.573 0.402 0.227 0.869 0.737 0.056 1
0.866 0.979 0.263 0.418 0.716 0.564 1
0.260 0.580 0.143 0.381 0.976 0.008 0
0.494 0.990 0.676 0.858 0.107 0.304 1
0.143 0.024 0.326 0.869 0.619 0.502 0
0.715 0.006 0.531 0.182 0.355 0.861 1
0.340 0.926 0.503 0.210 0.820 0.662 1
0.251 0.586 0.940 0.393 0.750 0.037 0
0.762 0.300 0.609 0.140 0.452 0.880 1
0.747 0.435 0.327 0.902 0.202 0.092 0
0.156 0.729 0.487 0.364 0.006 0.618 0
0.479 0.792 0.144 0.916 0.314 0.645 1
0.769 0.526 0.385 0.648 0.251 0.117 1
0.209 0.459 0.950 0.108 0.720 0.617 0
0.297 0.097 0.633 0.933 0.442 0.822 0
0.054 0.222 0.893 0.618 0.366 0.996 0
0.094 0.415 0.667 0.536 0.229 0.913 0
0.018 0.522 0.374 0.215 0.913 0.762 0
0.720 0.874 0.017 0.536 0.203 0.375 1
0.292 0.055 0.948 0.827 0.709 0.435 0
0.296 0.814 0.011 0.971 0.518 0.157 0
0.191 0.650 0.541 0.777 0.011 0.990 0
0.902 0.552 0.318 0.112 0.656 0.441 0
0.142 0.279 0.660 0.443 0.022 0.839 0
0.261 0.023 0.865 0.973 0.370 0.625 0
0.473 0.742 0.609 0.344 0.849 0.212 1
0.227 0.477 0.784 0.632 0.059 0.948 0
0.015 0.700 0.945 0.523 0.371 0.171 0
0.615 0.227 0.989 0.012 0.439 0.829 1
0.398 0.920 0.041 0.585 0.775 0.230 1
0.340 0.734 0.138 0.837 0.999 0.447 0
0.691 0.838 0.209 0.941 0.530 0.370 1
0.055 0.489 0.966 0.224 0.813 0.687 0
0.052 0.779 0.391 0.896 0.269 0.506 0
0.007 0.401 0.524 0.772 0.246 0.651 0
0.951 0.354 0.796 0.678 0.477 0.126 0
0.520 0.193 0.677 0.348 0.792 0.028 1
0.008 0.203 0.986 0.802 0.442 0.571 0
0.375 0.205 0.815 0.549 0.708 0.041 1
0.230 0.065 0.979 0.539 0.709 0.861 0
0.772 0.300 0.909 0.450 0.613 0.131 1
0.837 0.508 0.950 0.406 0.640 0.162 0
0.301 0.861 0.466 0.750 0.144 0.030 0
0.280 0.434 0.173 0.064 0.953 0.567 0
0.924 0.046 0.588 0.233 0.402 0.783 1
0.961 0.557 0.671 0.861 0.267 0.048 0
0.860 0.392 0.551 0.677 0.231 0.031 0
0.655 0.404 0.537 0.151 0.282 0.771 1
0.754 0.627 0.258 0.857 0.509 0.382 1
0.936 0.236 0.063 0.356 0.569 0.788 0
0.936 0.805 0.342 0.490 0.641 0.186 1
0.353 0.655 0.028 0.191 0.812 0.491 1
0.227 0.837 0.016 0.643 0.970 0.441 1
0.588 0.927 0.415 0.748 0.244 0.069 1
0.532 0.697 0.859 0.998 0.373 0.214 1
0.299 0.062 0.969 0.764 0.189 0.509 0
0.213 0.914 0.770 0.045 0.591 0.403 1
0.019 0.792 0.950 0.507 0.184 0.288 0
0.004 0.650 0.315 0.947 0.109 0.503 0
0.388 0.870 0.708 0.552 0.991 0.214 1
0.115 0.001 0.623 0.744 0.424 0.858 0
0.599 0.062 0.415 0.898 0.782 0.253 1
0.879 0.544 0.102 0.385 0.697 0.985 0
0.608 0.285 0.936 0.775 0.111 0.443 1
0.853 0.279 0.705 0.556 0.426 0.959 1
0.043 0.428 0.533 0.950 0.175 0.671 0
0.084 0.590 0.238 0.449 0.832 0.716 0
0.408 0.712 0.562 0.991 0.848 0.263 1
0.024 0.908 0.648 0.480 0.284 0.756 0
0.338 0.510 0.016 0.805 0.164 0.680 1
0.643 0.486 0.195 0.334 0.764 0.039 1
0.160 0.820 0.056 0.648 0.521 0.338 0
0.775 0.013 0.889 0.595 0.405 0.204 1
0.448 0.751 0.151 0.880 0.593 0.291 1
0.306 0.010 0.158 0.947 0.835 0.487 0
0.886 0.752 0.365 0.560 0.168 0.009 1
0.067 0.296 0.552 0.834 0.715 0.995 0
0.968 0.122 0.293 0.483 0.848 0.666 1
0.980 0.372 0.225 0.078 0.509 0.635 0
0.875 0.643 0.757 0.523 0.422 0.303 1
0.222 0.831 0.427 0.992 0.634 0.018 1
0.781 0.922 0.346 0.582 0.068 0.239 0
0.419 0.944 0.620 0.027 0.818 0.218 1
0.591 0.893 0.408 0.231 0.769 0.072 1
0.368 0.633 0.751 0.862 0.500 0.238 1
0.260 0.828 0.457 0.642 0.986 0.082 1
0.104 0.881 0.606 0.773 0.503 0.227 0
0.830 0.407 0.173 0.960 0.068 0.532 0
0.814 0.220 0.375 0.708 0.539 0.050 1
0.504 0.330 0.988 0.815 0.675 0.155 1
0.592 0.939 0.367 0.702 0.823 0.471 1
0.012 0.665 0.334 0.122 0.925 0.466 0
0.277 0.736 0.970 0.576 0.862 0.086 0
0.765 0.948 0.266 0.656 0.515 0.163 0
0.576 0.439 0.179 0.298 0.045 0.697 1
0.911 0.788 0.424 0.611 0.273 0.086 1
0.337 0.496 0.655 0.204 0.770 0.045 1
0.267 0.828 0.090 0.461 0.651 0.952 1
0.814 0.933 0.292 0.132 0.470 0.649 1
0.800 0.226 0.655 0.519 0.367 0.900 1
0.120 0.454 0.589 0.784 0.933 0.300 0
0.883 0.407 0.029 0.136 0.522 0.633 0
0.895 0.084 0.795 0.260 0.624 0.443 1
0.401 0.725 0.550 0.848 0.232 0.061 1
0.230 0.892 0.408 0.761 0.044 0.573 1
0.813 0.974 0.446 0.282 0.101 0.623 1
0.255 0.607 0.109 0.771 0.926 0.384 0
0.819 0.627 0.968 0.449 0.092 0.268 1
0.143 0.041 0.603 0.268 0.892 0.499 0
0.982 0.551 0.205 0.318 0.054 0.422 0
0.940 0.431 0.305 0.082 0.185 0.539 0
0.977 0.412 0.859 0.714 0.554 0.130 0
0.694 0.296 0.167 0.433 0.582 0.016 1
0.887 0.774 0.084 0.597 0.415 0.267 1
0.473 0.292 0.104 0.818 0.645 0.926 1
0.981 0.524 0.699 0.169 0.315 0.016 0
0.854 0.663 0.255 0.049 0.982 0.452 1
0.990 0.206 0.659 0.053 0.823 0.396 0
0.410 0.584 0.044 0.774 0.235 0.921 1
0.868 0.389 0.109 0.278 0.735 0.993 0
0.673 0.850 0.180 0.358 0.981 0.529 1
0.102 0.997 0.631 0.810 0.327 0.458 0
0.057 0.648 0.418 0.810 0.264 0.966 0
0.133 0.031 0.774 0.600 0.468 0.341 0
0.296 0.715 0.045 0.440 0.194 0.911 0
0.811 0.190 0.007 0.930 0.599 0.392 1
0.603 0.705 0.373 0.138 0.486 0.255 1
0.304 0.971 0.472 0.118 0.820 0.650 1
0.823 0.271 0.106 0.634 0.966 0.461 1
0.821 0.256 0.108 0.706 0.554 0.401 1
0.659 0.962 0.170 0.509 0.336 0.820 1
0.381 0.226 0.666 0.814 0.524 0.953 1
0.161 0.015 0.732 0.924 0.555 0.297 0
0.252 0.015 0.580 0.836 0.997 0.730 0
0.008 0.866 0.265 0.148 0.432 0.554 0
0.417 0.784 0.294 0.550 0.682 0.172 1
0.982 0.357 0.084 0.599 0.476 0.816 0
0.483 0.291 0.669 0.099 0.971 0.862 1
0.949 0.060 0.608 0.411 0.235 0.797 1
0.567 0.033 0.212 0.380 0.755 0.889 1
0.997 0.546 0.726 0.874 0.246 0.044 0
0.860 0.473 0.025 0.357 0.603 0.709 0
0.822 0.660 0.513 0.196 0.940 0.361 1
0.803 0.406 0.628 0.166 0.267 0.990 0
0.571 0.697 0.174 0.042 0.315 0.437 1
0.347 0.842 0.732 0.539 0.023 0.208 0
0.266 0.914 0.097 0.589 0.749 0.435 1
0.463 0.598 0.715 0.087 0.340 0.220 1
0.426 0.896 0.231 0.794 0.600 0.055 1
0.317 0.206 0.837 0.071 0.958 0.636 0
0.034 0.379 0.718 0.897 0.498 0.252 0
0.489 0.350 0.756 0.628 0.212 0.098 1
0.966 0.859 0.512 0.678 0.171 0.336 1
0.571 0.017 0.196 0.383 0.884 0.738 1
0.812 0.952 0.037 0.443 0.241 0.612 1
0.838 0.950 0.453 0.272 0.093 0.646 1
0.499 0.619 0.739 0.387 0.839 0.941 1
0.256 0.151 0.991 0.715 0.528 0.890 0
0.414 0.607 0.028 0.944 0.223 0.793 1
0.999 0.232 0.100 0.352 0.570 0.728 0
0.035 0.283 0.895 0.164 0.502 0.691 0
0.976 0.807 0.235 0.616 0.084 0.426 1
0.828 0.943 0.593 0.717 0.474 0.363 1
0.476 0.838 0.148 0.991 0.660 0.317 1
0.125 0.664 0.225 0.787 0.564 0.357 0
0.457 0.842 0.109 0.301 0.967 0.650 1
0.026 0.854 0.158 0.720 0.611 0.975 0
0.381 0.988 0.551 0.210 0.700 0.857 1
0.425 0.266 0.747 0.885 0.588 0.129 1
0.195 0.909 0.015 0.721 0.538 0.376 1
0.023 0.821 0.686 0.545 0.140 0.258 0
0.841 0.597 0.334 0.463 0.730 0.955 1
0.627 0.887 0.176 0.478 0.782 0.319 1
0.588 0.029 0.767 0.200 0.948 0.397 1
0.242 0.354 0.679 0.966 0.009 0.460 0
0.686 0.163 0.505 0.961 0.345 0.854 1
0.277 0.013 0.136 0.913 0.512 0.630 0
0.354 0.618 0.740 0.972 0.863 0.488 1
0.734 0.014 0.875 0.174 0.544 0.365 1
0.079 0.352 0.699 0.205 0.505 0.972 0
0.030 0.616 0.999 0.784 0.151 0.467 0
0.765 0.573 0.041 0.868 0.385 0.194 1
0.437 0.126 0.572 0.856 0.722 0.284 1
0.623 0.824 0.988 0.423 0.054 0.234 1
0.942 0.780 0.050 0.589 0.403 0.243 1
0.105 0.327 0.666 0.457 0.984 0.770 0
0.674 0.548 0.267 0.000 0.138 0.406 1
0.251 0.370 0.688 0.006 0.818 0.576 0
0.220 0.373 0.768 0.946 0.006 0.528 0
0.823 0.431 0.608 0.050 0.329 0.924 0
0.296 0.703 0.829 0.936 0.048 0.458 0
0.043 0.651 0.269 0.774 0.531 0.986 0
0.259 0.627 0.995 0.482 0.118 0.854 0
0.616 0.748 0.467 0.876 0.335 0.188 1
0.477 0.641 0.011 0.808 0.319 0.178 1
0.976 0.464 0.779 0.333 0.616 0.151 0
0.145 0.475 0.010 0.265 0.695 0.875 0
0.444 0.285 0.595 0.884 0.115 0.767 1
0.090 0.490 0.799 0.621 0.986 0.249 0
0.975 0.358 0.747 0.535 0.120 0.252 0
0.283 0.025 0.390 0.837 0.578 0.694 0
0.209 0.586 0.008 0.446 0.733 0.339 0
0.849 0.693 0.536 0.237 0.101 0.386 1
0.000 0.100 0.601 0.261 0.740 0.385 0
0.142 0.805 0.320 0.463 0.032 0.983 0
0.423 0.305 0.818 0.690 0.166 0.561 1
0.318 0.000 0.498 0.657 0.122 0.836 0
0.306 0.617 0.951 0.183 0.079 0.440 0
0.059 0.938 0.299 0.466 0.747 0.598 0
0.353 0.804 0.986 0.022 0.145 0.572 0
0.617 0.863 0.213 0.480 0.350 0.757 1
0.434 0.931 0.770 0.102 0.280 0.609 1
0.048 0.415 0.990 0.853 0.651 0.537 0
0.362 0.641 0.218 0.767 0.506 0.080 1
0.649 0.484 0.949 0.321 0.813 0.193 1
0.413 0.629 0.747 0.525 0.858 0.301 1
0.408 0.679 0.001 0.549 0.128 0.269 1
0.397 0.525 0.807 0.258 0.670 0.953 1
0.261 0.874 0.993 0.678 0.058 0.473 1
0.328 0.712 0.129 0.454 0.015 0.865 0
0.122 0.586 0.422 0.725 0.989 0.863 0
0.240 0.642 0.523 0.373 0.947 0.044 0
0.823 0.964 0.647 0.312 0.154 0.474 1
0.940 0.419 0.263 0.832 0.720 0.099 0
0.885 0.348 0.205 0.045 0.743 0.527 0
0.483 0.627 0.785 0.329 0.175 0.938 1
0.591 0.221 0.393 0.792 0.967 0.022 1
0.548 0.231 0.385 0.684 0.848 0.972 1
0.008 0.529 0.949 0.170 0.276 0.842 0
0.240 0.921 0.608 0.433 0.063 0.805 1
0.688 0.802 0.377 0.066 0.525 0.226 1
0.116 0.243 0.658 0.517 0.973 0.864 0
0.970 0.378 0.497 0.014 0.170 0.734 0
0.897 0.404 0.781 0.297 0.168 0.656 0
0.459 0.309 0.165 0.615 0.021 0.743 1
0.923 0.540 0.782 0.021 0.162 0.667 0
0.649 0.475 0.075 0.276 0.964 0.850 1
0.017 0.575 0.996 0.349 0.851 0.161 0
0.569 0.073 0.747 0.413 0.250 0.914 1
0.137 0.419 0.811 0.532 0.933 0.299 0
0.019 0.772 0.155 0.928 0.579 0.340 0
0.044 0.342 0.633 0.992 0.474 0.806 0
0.212 0.599 0.848 0.497 0.097 0.369 0
0.978 0.437 0.015 0.845 0.300 0.152 0