0.414 0.614 0.962 0.226 0.808 0.026
0.598 0.294 0.739 0.442 0.850 0.135
0.645 0.963 0.435 0.848 0.238 0.060
0.424 0.788 0.305 0.677 0.546 0.173
0.047 0.782 0.530 0.183 0.409 0.284
0.434 0.822 0.622 0.036 0.930 0.244
0.430 0.039 0.611 0.926 0.247 0.816
0.141 0.422 0.888 0.993 0.031 0.715
0.400 0.217 0.031 0.591 0.958 0.763
0.072 0.580 0.216 0.957 0.839 0.415
0.936 0.598 0.821 0.493 0.157 0.267
0.823 0.356 0.242 0.607 0.928 0.720
0.157 0.457 0.601 0.984 0.049 0.259
0.524 0.673 0.239 0.789 0.382 0.104
0.111 0.566 0.852 0.284 0.006 0.425
0.428 0.906 0.747 0.586 0.118 0.267
0.051 0.751 0.885 0.388 0.509 0.217
0.204 0.964 0.408 0.806 0.612 0.027
0.644 0.820 0.940 0.146 0.481 0.304
0.046 0.762 0.968 0.595 0.493 0.216
0.908 0.180 0.794 0.674 0.559 0.079
0.115 0.995 0.002 0.507 0.618 0.781
0.759 0.461 0.042 0.941 0.619 0.169
0.353 0.238 0.685 0.576 0.790 0.459
0.379 0.533 0.980 0.208 0.700 0.877
0.792 0.028 0.210 0.948 0.590 0.405
0.074 0.978 0.828 0.491 0.366 0.620
0.836 0.002 0.358 0.185 0.720 0.547
0.633 0.982 0.259 0.815 0.446 0.077
0.748 0.027 0.921 0.206 0.570 0.381
0.129 0.624 0.016 0.433 0.750 0.288
0.155 0.766 0.618 0.050 0.946 0.462
0.449 0.268 0.817 0.640 0.969 0.072
0.055 0.870 0.986 0.587 0.201 0.447
0.972 0.482 0.750 0.231 0.351 0.855
0.664 0.529 0.385 0.810 0.253 0.939
0.478 0.591 0.372 0.904 0.694 0.795
0.301 0.581 0.448 0.714 0.948 0.837
0.417 0.237 0.778 0.936 0.060 0.590
0.272 0.963 0.854 0.464 0.656 0.077
0.791 0.918 0.672 0.414 0.546 0.154
0.379 0.896 0.196 0.568 0.017 0.725
0.198 0.562 0.766 0.312 0.053 0.452
0.448 0.606 0.283 0.783 0.104 0.895
0.789 0.170 0.915 0.495 0.625 0.333
0.233 0.843 0.691 0.538 0.380 0.969
0.565 0.292 0.152 0.037 0.432 0.697
0.045 0.518 0.198 0.628 0.315 0.735
0.801 0.547 0.672 0.187 0.435 0.312
0.290 0.858 0.393 0.590 0.961 0.102
0.263 0.833 0.947 0.440 0.070 0.641
0.903 0.059 0.226 0.730 0.403 0.562
0.174 0.033 0.978 0.751 0.495 0.315
0.954 0.848 0.212 0.679 0.341 0.510
0.399 0.066 0.236 0.838 0.574 0.732
0.285 0.755 0.570 0.984 0.423 0.878
0.462 0.981 0.639 0.095 0.810 0.273
0.998 0.246 0.751 0.591 0.050 0.458
0.988 0.639 0.082 0.509 0.784 0.189
0.999 0.714 0.848 0.120 0.552 0.249
0.298 0.181 0.047 0.591 0.471 0.811
0.333 0.707 0.438 0.579 0.855 0.147
0.227 0.007 0.366 0.514 0.948 0.634
0.570 0.002 0.193 0.758 0.950 0.374
0.828 0.566 0.270 0.134 0.418 0.713
0.295 0.929 0.818 0.614 0.477 0.172
0.056 0.670 0.443 0.866 0.987 0.290
0.378 0.209 0.045 0.691 0.834 0.533
0.187 0.848 0.593 0.407 0.724 0.984
0.608 0.971 0.811 0.431 0.240 0.035
0.028 0.866 0.255 0.528 0.998 0.378
0.408 0.055 0.766 0.227 0.921 0.577
0.000 0.806 0.970 0.498 0.648 0.157
0.576 0.411 0.231 0.058 0.751 0.858
0.046 0.957 0.166 0.809 0.548 0.420
0.761 0.009 0.373 0.930 0.179 0.562
0.991 0.635 0.492 0.010 0.771 0.299
0.983 0.381 0.252 0.694 0.823 0.512
0.033 0.751 0.152 0.288 0.935 0.456
0.657 0.118 0.390 0.529 0.249 0.765
0.737 0.601 0.991 0.885 0.314 0.453
0.002 0.987 0.776 0.261 0.402 0.608
0.265 0.816 0.547 0.111 0.411 0.703
0.281 0.016 0.721 0.855 0.503 0.136
0.566 0.244 0.868 0.721 0.404 0.970
0.504 0.198 0.348 0.785 0.925 0.631
0.861 0.336 0.634 0.173 0.990 0.018
0.850 0.003 0.159 0.697 0.525 0.341
0.219 0.426 0.566 0.751 0.027 0.905
0.185 0.699 0.531 0.293 0.993 0.032
0.031 0.350 0.534 0.791 0.216 0.685
0.289 0.622 0.391 0.034 0.174 0.877
0.503 0.794 0.194 0.345 0.901 0.638
0.152 0.833 0.975 0.023 0.332 0.614
0.023 0.510 0.156 0.627 0.736 0.865
0.139 0.910 0.328 0.559 0.037 0.794
0.540 0.863 0.027 0.361 0.717 0.186
0.420 0.805 0.038 0.619 0.229 0.913
0.172 0.066 0.768 0.880 0.473 0.642
0.366 0.222 0.623 0.766 0.878 0.509